spawns:
  default:
    world: 99494813-fc85-4a5f-a453-d281ef198fe9
    world-name: world
    x: 4974.5
    y: 178.0
    z: 5002.5
    yaw: -90.15387725830078
    pitch: -1.830355167388916
